35.0
34.0
33.0
34.0
32.0
36.0
32.0
33.0
32.0
33.0
34.0
32.0
34.0
31.0
34.0
33.0
32.0
33.0
32.0
34.0
32.0
35.0
32.0
33.0
32.0
32.0
35.0
30.0
33.0
32.0
35.0
34.0
38.0
45.0
99.0
191.0
256.0
279.0
285.0
292.0
297.0
297.0
301.0
302.0
307.0
311.0
318.0
326.0
337.0
345.0
352.0
359.0
356.0
356.0
359.0
365.0
373.0
377.0
384.0
388.0
389.0
383.0
380.0
375.0
367.0
361.0
351.0
346.0
336.0
330.0
325.0
317.0
311.0
304.0
299.0
290.0
287.0
281.0
280.0
277.0
274.0
277.0
271.0
274.0
269.0
271.0
266.0
262.0
256.0
172.0
105.0
44.0
42.0
34.0
35.0
32.0
33.0
32.0
33.0
35.0
33.0
36.0
35.0
37.0
36.0
37.0
40.0
40.0
44.0
41.0
45.0
43.0
44.0
44.0
42.0
45.0
42.0
45.0
44.0
45.0
44.0
44.0
45.0
43.0
49.0
42.0
46.0
43.0
44.0
45.0
44.0
46.0
43.0
46.0
42.0
45.0
44.0
44.0
45.0
43.0
46.0
42.0
46.0
44.0
45.0
47.0
42.0
45.0
42.0
46.0
43.0
45.0
44.0
44.0
45.0
